_C_20dc8b86_0 8c 0 d0 0 0 206c6f77 0 206e6f74 0 20776173 0 28256929 0 62697420 0 61727420 0 5374 
_C_363c88a2_0 8c 0 110 0 0 636b6574 0 54207061 0 20554152 0 7a696e67 0 646f6d69 0 2072616e 0 77697468 0 726f7220 0 4572 
_C_36638d0a_0 8c 0 150 0 0 65726c79 0 70726f70 0 74656420 0 736d6974 0 7472616e 0 6e6f7420 0 77617320 0 25692920 0 69742028 0 74612062 0 4461 
_C_a282f301_0 8c 0 1b8 0 0 69766564 0 72656365 0 6b657420 0 20706163 0 55415254 0 70657220 0 2070726f 0 66746572 0 65742061 0 6f742073 0 6964206e 0 5f76616c 0 64617461 0 72785f 
_C_2117850e_0 8c 0 90 0 0 69732058 0 65616d20 0 61737472 0 5f646174 0 7478 
_C_2ce42c3f_0 8c 0 70 0 0 20697320 0 206c656e 0 636b6574 0 7061 
_C_1d5896e7_0 8c 0 250 0 0 65616479 0 74615f72 0 785f6461 0 6e672072 0 65747469 0 20756e73 0 77697468 0 656e7420 0 6467656d 0 6f776c65 0 61636b6e 0 74657220 0 74206166 0 6c207365 0 7374696c 0 6c696420 0 615f7661 0 5f646174 0 7278 
_C_c90f4a14_0 8c 0 160 0 0 24245f35 0 616d6564 0 2e756e6e 0 24245f30 0 616d6564 0 2e756e6e 0 74657374 0 5f72785f 0 75617274 0 6e616c5f 0 6e6f6d69 
_C_af60d16e_0 8c 0 160 0 0 24245f33 0 616d6564 0 2e756e6e 0 24245f30 0 616d6564 0 2e756e6e 0 74657374 0 5f72785f 0 75617274 0 6e616c5f 0 6e6f6d69 
_C_be726a05_0 8c 0 160 0 0 24245f32 0 616d6564 0 2e756e6e 0 24245f30 0 616d6564 0 2e756e6e 0 74657374 0 5f72785f 0 75617274 0 6e616c5f 0 6e6f6d69 
_C_f2bd6a75_0 8c 0 58 0 0 24245f34 0 616d6564 0 756e6e 
_C_d43888f6_0 8c 0 60 0 0 69732058 0 61746120 0 72785f64 
_C_28fcdca9_0 8c 0 58 0 0 24245f35 0 616d6564 0 756e6e 
_C_26bae7d3_0 8c 0 58 0 0 24245f32 0 616d6564 0 756e6e 
_C_fcfb510f_0 8c 0 58 0 0 24245f33 0 616d6564 0 756e6e 
_C_ffe224df_0 8c 0 228 0 0 245f3130 0 6d656424 0 756e6e61 0 245f382e 0 6d656424 0 756e6e61 0 245f362e 0 6d656424 0 756e6e61 0 245f302e 0 6d656424 0 756e6e61 0 6573742e 0 74785f74 0 6172745f 0 616c5f75 0 6f6d696e 0 6e 
_C_9a20764d_0 8c 0 180 0 0 28256829 0 61746120 0 6e742064 0 68207365 0 6d617463 0 6e6f7420 0 6f657320 0 68292064 0 64202825 0 65697665 0 20726563 0 44617461 
_C_99eeb742_0 8c 0 28 0 0 20697320 0 6a 
_C_a3b73bd5_0 8c 0 90 0 0 69732058 0 6c696420 0 615f7661 0 5f646174 0 7278 
_C_6a1670ec_0 8c 0 1d0 0 0 245f3133 0 6d656424 0 756e6e61 0 5f31312e 0 65642424 0 6e6e616d 0 5f302e75 0 65642424 0 6e6e616d 0 73742e75 0 785f7465 0 72745f74 0 6c5f7561 0 6d696e61 0 6e6f 
_C_46d10f6e_0 8c 0 78 0 0 20697320 0 64617461 0 6b657420 0 706163 
_C_9017cff3_0 8c 0 1c0 0 0 24245f35 0 616d6564 0 2e756e6e 0 24245f33 0 616d6564 0 2e756e6e 0 24245f30 0 616d6564 0 2e756e6e 0 74657374 0 5f74785f 0 75617274 0 6e616c5f 0 6e6f6d69 
_C_3f7d714e_0 94 0 20 0 0 1 
_C_2bb29cd2_0 94 0 20 0 0 3 
_C_6114c912_0 8c 0 150 0 0 65726c79 0 70726f70 0 74656420 0 736d6974 0 7472616e 0 6e6f7420 0 77617320 0 25692920 0 69742028 0 6f702062 0 5374 
